"V1" "V2" "1" "2" "3" "4" "5" "6" "7" "8" "9" "10" "11"
"0.400648534472064" "10" "Humanities" -1.814 2.471 2.965 -2.827 -0.773 -0.864 0.909 0.388 -0.338 -0.171 -0.086
"0.230778596403596" "20" "Theology (protestant)" -0.538 0.26 5.689 -2.804 -3.012 0.491 0.349 -0.232 -0.075 -0.017 -0.004
"0.192429666262919" "30" "Theology (catholic)" -1.848 7.788 -0.514 -2.731 -1.536 -1.238 0.511 -0.213 -0.072 -0.026 -0.006
"0.161623418965503" "40" "Philosophy" -1.863 2.09 -1.193 0.34 0.14 -0.291 -0.139 -0.035 0.987 -0.012 -0.001
"0.306803615139746" "50" "History" 0.444 -1.827 3.336 -1.945 -2.674 4.004 -1.486 -0.624 -0.947 0.58 0.945
"0.436023500309215" "80" "Literature and comparative language studies" 0.09 1.009 -1.31 1.033 0.103 -0.941 -0.244 0.126 0.371 -0.449 -0.376
"0.418528994213137" "100" "German Studies" -0.389 0.966 4.107 -5.996 -0.175000000000001 1.78 1.486 -4.121 -2.02 -0.0329999999999999 0.554
"0.439288162817575" "110" "English and American Studies" -0.379 -3.061 3.17 -0.202999999999999 2.152 -2.07 0.77 -0.9 0.629 -0.127 -0.035
"0.398502304147465" "120" "Roman Language Studies" 1.011 -2.486 0.0960000000000001 1.986 -1.047 -0.663 0.434 0.852 -0.031 -0.003 -0.002
"0.409973255753263" "140" "Other Language/Cultural Studies" -0.101 -0.578 -1.401 1.756 2.452 -1.5 -0.103 1.267 -1.314 -0.901 0.432
"0.487359943977591" "160" "Cultural Studies" -0.488 0.9 0.21 -1.76 1.546 -1.333 1.218 -0.472 -0.351 -0.242 0.835
"0.203855180064857" "200" "Sports" 1.092 -3.453 -0.709 2.797 -0.676 0.701 0.787 -0.166 -0.107 -0.091 -0.043
"0.284407114624506" "220" "Law, Economics and Social Sciences, general" -0.219 0.343 -0.517 -0.653 1.55 0.087 0.461 -0.43 -0.252 -0.183 -0.091
"0.256549477705895" "230" "Political Sciences" 1.531 -0.153 -3.898 0.633 -0.117 0.517 -0.698 0.692 0.859 -0.055 0.969
"0.363578198785078" "235" "Sociology" -3.068 4.403 -1.703 -0.813000000000001 0.0430000000000001 0.224 -0.601 0.24 1.737 -0.886 0.342
"0.470182507550929" "240" "Social Work" 0.177 0.501 -0.0470000000000002 0.0800000000000001 -0.085 0.863 -1.086 -0.941 0.207 -0.598 0.561
"0.161390977272669" "250" "Law" 2.574 -6.715 3.364 5.678 -3.479 -3.169 -0.00700000000000012 1.351 0.143 0.529 -0.206
"0.183769551893856" "290" "Economics" -0.868 0.689 7.114 -7.187 -2.044 3.227 -2.204 0.962 -2.463 1.631 -0.681
"0.391883821514477" "315" "Psychology" -1.715 0.98 1.636 1.627 0.164999999999999 -0.752 0.37 -3.996 0.408 0.551 -0.836
"0.440035921702837" "320" "Paedagogy" -0.0629999999999999 -1.61 3.036 -0.323 2.038 -3.702 2.033 -1.699 -0.571 -1.467 -0.549
"0.253968253968254" "330" "STEM, general" 0.199 0.45 -1.504 -0.0629999999999999 1.376 -0.302 -0.123 -0.045 -0.011 -0.003 0
"0.170862008257555" "340" "Mathematics" -1.439 3.324 4.453 -2.971 -1.047 0.848 -1.854 -0.427 -0.317 -0.81 -0.411
"0.0975977612328777" "360" "Physics and Astronomy" -2.279 3.42 1.341 -4.286 -0.492 -0.941 1.518 1.34 -0.283 -0.119 0.961
"0.144620357168358" "370" "Chemistry" -0.788 -1.041 0.00900000000000034 3.556 -0.0679999999999996 -1.981 0.927 -0.925 -0.414 -0.158 0.951
"0.218671407957122" "390" "Pharmacy" -2.267 3.739 -0.677 -1.381 1.376 -0.581 -0.168 -0.054 -0.009 -0.003 0
"0.2252022587194" "400" "Biology" -2.021 2.594 0.964 0.706 0.596 -3.817 0.181 -2.314 2.017 -1.028 1.715
"0.128359527954806" "410" "Geology" -2.46 3.232 -0.346 -2.166 1.043 0.148 -0.307 -0.102 0.961 -0.012 -0.006
"0.243432805932806" "420" "Geography" -2.294 1.112 1.575 0.245 0.114 -0.203 -0.472 -0.122 -0.035 -0.009 -0.002
"0.477255460588794" "445" "Health Sciences, general" -0.273 0.032 0.353 -0.805 0.424 1.013 -0.501 -0.195 -0.073 -0.088 -0.077
"0.171471903022705" "450" "Preclinical Medicine" 0.866 -0.000999999999999446 -1.743 -2.611 1.33 -0.143 1.881 -0.507 0.824 -0.076 -0.02
"0.177485051228454" "470" "Clinical-theoretical Medicine" -0.752 0.0430000000000001 1.371 -0.672 -1.006 3.895 -0.0350000000000001 -1.16 -0.481 0.11 -0.518
"0.123586164858726" "490" "Clinical-Practical Medicine" 2.14 -1.324 1.225 -2.969 -2.124 0.599 -0.362 -2.049 3.336 1.813 -1.667
"0.238020313020313" "560" "Clinical-theoretical Veterinary Science" -0.14 -0.57 1.013 -0.091 0.125 -0.559 -0.317 0.8 -0.117 -0.053 -0.026
"0.296153846153846" "580" "Clinical-practical Veterinary Science" -0.142 0.423 -0.958 0.865 0.09 -0.629 0.663 -0.147 -0.064 -0.02 -0.01
"0.201340663277734" "620" "Agricultural Science" -0.212 -0.718 1.813 -0.472 -0.59 -0.381 -0.103 1.277 -0.49 -0.295 -0.2
"0.363844797178131" "650" "Dietary Studies" -0.623 1.299 0.737 -1.067 -1.338 0.293 0.782 -0.049 -0.014 0 0
"0.0887428177382902" "690" "Mechanical Engineering" -1.221 0.349 3.484 -1.355 -0.364 -2.024 -1.213 1.272 0.687 -0.203 -0.095
"0.0724425173059711" "710" "Electrical Engineering" 3.245 -3.515 0.531 -1.657 1.421 0.417 -0.204 -0.05 -0.018 -0.005 -0.003
"0.24762984220179" "730" "Architecture" 0.521 -0.696 -0.382 -0.776 1.423 0.0659999999999998 0.116 -1.15 1.393 -0.296 -0.123
"0.302173913043478" "740" "Spatial Planning" -0.027 -0.102 -0.23 0.714 -0.275 -0.242 -0.221 0.808 -0.145 -0.13 -0.08
"0.0960760012933926" "750" "Civil Engineering" 0.927 -0.99 0.721 0.138 -0.144 -0.42 -0.132 -0.032 -0.009 -0.004 0
"0.106245873127005" "765" "Computer Science" -1.034 -4.948 5.494 0.317 -0.0940000000000003 -0.808 0.265 -0.321 -0.132 0.935 -0.027
"0.199074074074074" "770" "Material Science" -1.552 1.345 1.677 -0.307 -0.668 -0.264 -0.116 -0.043 -0.014 -0.002 0
"0.442170965608466" "780" "Art, general" -0.472 -1.657 5.904 -1.523 -3.332 -0.141 1.393 -0.732 -0.26 0.928 -0.015
"0.354707354393113" "790" "Visual Arts" -0.894 0.522 -0.338 1.739 -1.917 1.286 -1.402 -1.024 3.404 -0.108 -0.846
"0.362382693859008" "800" "Design" 1.184 0.721 -1.971 -0.0209999999999999 -0.71 0.588 -0.0529999999999999 0.465 -1.226 1.054 0.361
"0.390434783185979" "820" "Performing Arts" -0.635 1.946 -0.216 -1.857 0.114 -1.29 -0.0309999999999999 1.119 0.27 1.38 -0.523
"0.231490977599295" "830" "Music" -0.81 2.199 -1.94 -0.946 1.228 0.675 -0.398 -0.539 -0.761 1.134 -0.87
"0.309158528276175" "920" "Central scientific Departments" -0.379 -0.941000000000001 1.416 -0.0329999999999999 -0.513 -0.836 1.493 -0.29 -0.194 0.839 -0.131
"0.278138528138528" " 960" "Institutes associated with Universities" -0.127 -0.326 -0.461 2.505 -0.412 -0.334 -0.281 -0.188 -0.144 -0.067 -0.058
