"uc" "" ""
"1" -33.71 0 0
"2" -25.67 0 0
"3" -20.9 0 0
"4" -19.49 0 0
"5" -18.42 0 3
"6" -18.21 0 0
"7" -17.79 0 0
"8" -16.33 0 0
"9" -14.8 0 0
"10" -14.71 0 0
"11" -14.25 0 0
"12" -13.37 0 0
"13" -12.76 0 0
"14" -12.74 0 0
"15" -12.61 0 0
"16" -12.57 0 0
"17" -10.48 0 0
"18" -10.4 0 0
"19" -9.62 0 0
"20" -9.35 0 0
"21" -9.08 0 0
"22" -8.87 0 0
"23" -8.62 0 0
"24" -8.11 0 0
"25" -7.93 0 0
"26" -7.79 0 0
"27" -7.62 0 0
"28" -6.9 0 0
"29" -6.75 0 0
"30" -6.71 0 0
"31" -6.62 0 0
"32" -6.55 0 0
"33" -6.18 0 0
"34" -6.17 0 0
"35" -5.95 0 0
"36" -5.68 0 0
"37" -5.34 0 0
"38" -4.87 0 0
"39" -4.24 0 0
"40" -4.09 0 0
"41" -3.88 0 0
"42" -3.49 0 0
"43" -3.32 0 0
"44" -3.16 0 0
"45" -1.22 0 0
"46" -1.21 0 0
"47" -0.920000000000002 0 0
"48" -0.670000000000001 0 0
"49" -0.610000000000001 0 0
"50" 0.0699999999999997 0 0
"51" 0.509999999999998 0 0
"52" 0.530000000000004 0 0
"53" 0.670000000000002 0 0
"54" 1.04 0 0
"55" 1.08 0 0
"56" 1.18 0 0
"57" 1.38 0 0
"58" 1.4 0 0
"59" 1.72 0 0
"60" 2.41 0 0
"61" 2.95 0 0
"62" 3.33 0 0
"63" 3.56 0 0
"64" 4.49 0 0
"65" 4.8 0 0
"66" 5.1 0 0
"67" 5.22 0 0
"68" 5.22 0 0
"69" 6.01 0 0
"70" 6.06 0 0
"71" 6.66 0 0
"72" 6.81 0 0
"73" 7.71 0 0
"74" 8.04 0 0
"75" 8.79 0 0
"76" 9.18 0 0
"77" 9.19 0 0
"78" 9.68 0 0
"79" 9.68 0 0
"80" 9.75 0 0
"81" 9.79 0 0
"82" 9.8 0 0
"83" 9.9 0 0
"84" 11.26 0 0
"85" 12.55 0 0
"86" 12.66 0 0
"87" 12.85 0 0
"88" 12.9 0 0
"89" 12.99 0 0
"90" 14.91 0 0
"91" 15.09 0 0
"92" 15.56 0 0
"93" 15.62 0 0
"94" 15.97 0 0
"95" 16.71 0 3
"96" 18.32 0 0
"97" 18.52 0 0
"98" 20.17 0 0
"99" 27.86 0 0
"100" 37.92 0 0
"101" -30.7 1 0
"102" -30.25 1 0
"103" -29.81 1 0
"104" -29.44 1 0
"105" -29.15 1 3
"106" -25.73 1 0
"107" -23.84 1 0
"108" -22.19 1 0
"109" -21.96 1 0
"110" -20.4 1 0
"111" -20.32 1 0
"112" -19.44 1 0
"113" -19.13 1 0
"114" -18.13 1 0
"115" -17.48 1 0
"116" -15.37 1 0
"117" -15.06 1 0
"118" -14.6 1 0
"119" -14.51 1 0
"120" -14.06 1 0
"121" -13.68 1 0
"122" -12.78 1 0
"123" -12.66 1 0
"124" -12.31 1 0
"125" -11.72 1 0
"126" -10.24 1 0
"127" -9.01 1 0
"128" -8.62 1 0
"129" -8.52 1 0
"130" -8.29 1 0
"131" -8.18 1 0
"132" -7.79 1 0
"133" -7.62 1 0
"134" -7.2 1 0
"135" -7.1 1 0
"136" -6.56 1 0
"137" -5.47 1 0
"138" -4.43 1 0
"139" -3.99 1 0
"140" -3.36 1 0
"141" -3.05 1 0
"142" -2.3 1 0
"143" -2.01 1 0
"144" -1.78 1 0
"145" -1.63 1 0
"146" -1.62 1 0
"147" -1.4 1 0
"148" -0.13 1 0
"149" 0.210000000000001 1 0
"150" 0.250000000000003 1 0
"151" 0.390000000000003 1 0
"152" 0.919999999999999 1 0
"153" 1.52 1 0
"154" 1.84 1 0
"155" 2.04 1 0
"156" 2.93999999999999 1 0
"157" 3.46 1 0
"158" 4.44 1 0
"159" 4.99 1 0
"160" 5.07 1 0
"161" 5.5 1 0
"162" 6 1 0
"163" 6.2 1 0
"164" 7 1 0
"165" 7.15 1 0
"166" 7.83 1 0
"167" 8.86999999999999 1 0
"168" 9.33 1 0
"169" 9.37999999999999 1 0
"170" 9.4 1 0
"171" 9.62 1 0
"172" 10.38 1 0
"173" 10.5 1 0
"174" 10.68 1 0
"175" 11.08 1 0
"176" 12.2 1 0
"177" 12.9 1 0
"178" 13.1 1 0
"179" 14.56 1 0
"180" 14.69 1 0
"181" 14.69 1 0
"182" 15.35 1 0
"183" 16.06 1 0
"184" 16.38 1 0
"185" 16.5 1 0
"186" 16.78 1 0
"187" 16.99 1 0
"188" 17.42 1 0
"189" 18.32 1 0
"190" 18.7 1 0
"191" 18.99 1 0
"192" 19.83 1 0
"193" 20.03 1 0
"194" 20.18 1 0
"195" 21.5 1 3
"196" 23.62 1 0
"197" 23.88 1 0
"198" 24.43 1 0
"199" 25.6 1 0
"200" 47.02 1 0
"201" -39.94 2 0
"202" -32.27 2 0
"203" -25.26 2 0
"204" -19.36 2 0
"205" -17.34 2 3
"206" -16.76 2 0
"207" -15.98 2 0
"208" -15.8 2 0
"209" -15.47 2 0
"210" -15.28 2 0
"211" -14.98 2 0
"212" -14.8 2 0
"213" -14.71 2 0
"214" -14.66 2 0
"215" -14.15 2 0
"216" -13.69 2 0
"217" -13.6 2 0
"218" -13.49 2 0
"219" -13.06 2 0
"220" -12.96 2 0
"221" -12.39 2 0
"222" -12.15 2 0
"223" -12.09 2 0
"224" -10.93 2 0
"225" -10.85 2 0
"226" -10.68 2 0
"227" -9.97 2 0
"228" -8.46 2 0
"229" -8.01 2 0
"230" -7.83 2 0
"231" -6.99 2 0
"232" -6.97 2 0
"233" -6.87 2 0
"234" -6.31 2 0
"235" -5.37 2 0
"236" -4.95 2 0
"237" -4.89 2 0
"238" -4.48 2 0
"239" -4.44 2 0
"240" -4.37 2 0
"241" -3.6 2 0
"242" -3.35 2 0
"243" -2.14 2 0
"244" -1.81 2 0
"245" -1.5 2 0
"246" -1.41 2 0
"247" -0.390000000000001 2 0
"248" 0.799999999999997 2 0
"249" 1.34 2 0
"250" 1.45 2 0
"251" 1.58999999999999 2 0
"252" 1.69 2 0
"253" 1.72 2 0
"254" 1.84 2 0
"255" 1.95 2 0
"256" 2.02 2 0
"257" 2.98 2 0
"258" 3.01 2 0
"259" 3.07 2 0
"260" 3.61 2 0
"261" 4.06 2 0
"262" 4.28 2 0
"263" 4.65 2 0
"264" 4.83 2 0
"265" 4.87 2 0
"266" 5.03 2 0
"267" 5.13 2 0
"268" 5.25 2 0
"269" 5.25 2 0
"270" 6.02 2 0
"271" 7.09 2 0
"272" 8.34 2 0
"273" 9.22 2 0
"274" 9.9 2 0
"275" 10.47 2 0
"276" 12.61 2 0
"277" 13.03 2 0
"278" 13.06 2 0
"279" 13.21 2 0
"280" 13.28 2 0
"281" 13.73 2 0
"282" 13.84 2 0
"283" 14.62 2 0
"284" 15.17 2 0
"285" 16.3 2 0
"286" 16.55 2 0
"287" 18.17 2 0
"288" 18.48 2 0
"289" 20.6 2 0
"290" 21 2 0
"291" 21.5 2 0
"292" 23.69 2 0
"293" 25.07 2 0
"294" 25.12 2 0
"295" 26.62 2 3
"296" 29.35 2 0
"297" 30.77 2 0
"298" 35.37 2 0
"299" 36.99 2 0
"300" 40.57 2 0
"301" -37.66 3 0
"302" -36.2 3 0
"303" -26.68 3 0
"304" -25.3 3 0
"305" -24.86 3 3
"306" -24.35 3 0
"307" -23.61 3 0
"308" -23.41 3 0
"309" -22.01 3 0
"310" -21.99 3 0
"311" -19.63 3 0
"312" -19.08 3 0
"313" -18.01 3 0
"314" -17.85 3 0
"315" -16.95 3 0
"316" -16.66 3 0
"317" -16.18 3 0
"318" -14.96 3 0
"319" -13.52 3 0
"320" -12.86 3 0
"321" -12.84 3 0
"322" -12.76 3 0
"323" -11.27 3 0
"324" -10.96 3 0
"325" -10.94 3 0
"326" -10.83 3 0
"327" -10.64 3 0
"328" -10.58 3 0
"329" -9.53 3 0
"330" -9.38 3 0
"331" -8.87 3 0
"332" -8.24 3 0
"333" -7.35 3 0
"334" -7.11 3 0
"335" -6.79 3 0
"336" -6.54 3 0
"337" -6.14 3 0
"338" -5.72 3 0
"339" -4.87 3 0
"340" -4.2 3 0
"341" -4.02 3 0
"342" -2.86 3 0
"343" -2.72 3 0
"344" -2.49 3 0
"345" -2.4 3 0
"346" -2.28 3 0
"347" -0.959999999999998 3 0
"348" -0.619999999999999 3 0
"349" -0.200000000000001 3 0
"350" 0.390000000000002 3 0
"351" 1.4 3 0
"352" 2.11 3 0
"353" 2.25 3 0
"354" 2.44 3 0
"355" 2.44 3 0
"356" 2.54 3 0
"357" 3.35 3 0
"358" 3.63 3 0
"359" 4.32 3 0
"360" 4.35 3 0
"361" 5.08 3 0
"362" 5.86 3 0
"363" 6.47 3 0
"364" 6.91 3 0
"365" 6.96 3 0
"366" 6.96 3 0
"367" 7.05 3 0
"368" 7.35 3 0
"369" 8.36 3 0
"370" 8.89 3 0
"371" 9.17 3 0
"372" 10.06 3 0
"373" 10.38 3 0
"374" 10.77 3 0
"375" 10.91 3 0
"376" 10.95 3 0
"377" 11.01 3 0
"378" 11.77 3 0
"379" 12.27 3 0
"380" 12.3 3 0
"381" 12.39 3 0
"382" 13.06 3 0
"383" 13.54 3 0
"384" 14.48 3 0
"385" 14.78 3 0
"386" 14.79 3 0
"387" 15.45 3 0
"388" 15.73 3 0
"389" 16.38 3 0
"390" 16.53 3 0
"391" 19.68 3 0
"392" 19.72 3 0
"393" 20.22 3 0
"394" 22.43 3 0
"395" 22.47 3 3
"396" 24.32 3 0
"397" 24.75 3 0
"398" 26.97 3 0
"399" 32.8 3 0
"400" 37.14 3 0
"401" -25.7 4 0
"402" -23.78 4 0
"403" -23.04 4 0
"404" -21.29 4 0
"405" -20.52 4 3
"406" -18.38 4 0
"407" -18.25 4 0
"408" -16.76 4 0
"409" -14.88 4 0
"410" -13.88 4 0
"411" -13.47 4 0
"412" -12.46 4 0
"413" -11.5 4 0
"414" -11.25 4 0
"415" -11.17 4 0
"416" -11.01 4 0
"417" -10.95 4 0
"418" -10.18 4 0
"419" -9.96 4 0
"420" -9.68 4 0
"421" -9.53 4 0
"422" -8.62 4 0
"423" -7.45 4 0
"424" -7.3 4 0
"425" -6.91 4 0
"426" -6.26 4 0
"427" -6.25 4 0
"428" -5.71 4 0
"429" -5.27 4 0
"430" -5.22 4 0
"431" -4.83 4 0
"432" -4.27 4 0
"433" -4.1 4 0
"434" -3.95 4 0
"435" -3.85 4 0
"436" -3.51 4 0
"437" -3.29 4 0
"438" -3.26 4 0
"439" -3.16 4 0
"440" -3.04 4 0
"441" -2.86 4 0
"442" -2.56 4 0
"443" -2.11 4 0
"444" -2.02 4 0
"445" -1.97 4 0
"446" -1.8 4 0
"447" -1.75 4 0
"448" -1.74 4 0
"449" -1.61 4 0
"450" -1.56 4 0
"451" -1.52 4 0
"452" -1.47 4 0
"453" -1.24 4 0
"454" -1.16 4 0
"455" -0.180000000000001 4 0
"456" 0.46 4 0
"457" 1.22 4 0
"458" 1.56 4 0
"459" 2.12 4 0
"460" 2.4 4 0
"461" 2.56 4 0
"462" 2.58 4 0
"463" 2.69 4 0
"464" 2.69 4 0
"465" 2.87 4 0
"466" 3.08 4 0
"467" 3.84 4 0
"468" 4.57 4 0
"469" 4.86 4 0
"470" 4.86 4 0
"471" 5.19 4 0
"472" 5.28 4 0
"473" 5.34 4 0
"474" 5.43 4 0
"475" 5.49 4 0
"476" 5.75 4 0
"477" 6.29 4 0
"478" 6.61 4 0
"479" 6.74 4 0
"480" 7.03 4 0
"481" 7.23 4 0
"482" 7.79 4 0
"483" 8.6 4 0
"484" 8.68 4 0
"485" 9.08 4 0
"486" 9.19 4 0
"487" 9.35 4 0
"488" 9.55 4 0
"489" 9.93 4 0
"490" 10.14 4 0
"491" 11.02 4 0
"492" 11.49 4 0
"493" 13.79 4 0
"494" 13.94 4 0
"495" 14.09 4 3
"496" 16.35 4 0
"497" 16.52 4 0
"498" 17.47 4 0
"499" 18.24 4 0
"500" 24.09 4 0
"501" -23.69 5 0
"502" -16.73 5 0
"503" -16.03 5 0
"504" -15.66 5 0
"505" -15.56 5 3
"506" -14.77 5 0
"507" -13.76 5 0
"508" -13.72 5 0
"509" -12.89 5 0
"510" -11.64 5 0
"511" -11.53 5 0
"512" -11.1 5 0
"513" -10.91 5 0
"514" -10.14 5 0
"515" -9.14 5 0
"516" -8.2 5 0
"517" -8.03 5 0
"518" -7.59 5 0
"519" -7.55 5 0
"520" -7.53 5 0
"521" -7.3 5 0
"522" -6.57 5 0
"523" -6.49 5 0
"524" -6.44 5 0
"525" -6.36 5 0
"526" -6.33 5 0
"527" -5.99 5 0
"528" -5.63 5 0
"529" -5.12 5 0
"530" -4.98 5 0
"531" -4.97 5 0
"532" -4.94 5 0
"533" -4.57 5 0
"534" -3.81 5 0
"535" -3.72 5 0
"536" -3.26 5 0
"537" -3.14 5 0
"538" -3.09 5 0
"539" -2.89 5 0
"540" -2.63 5 0
"541" -2.22 5 0
"542" -2.18 5 0
"543" -2.01 5 0
"544" -1.82 5 0
"545" -1.76 5 0
"546" -1.76 5 0
"547" -1.73 5 0
"548" -1.69 5 0
"549" -1.58 5 0
"550" -1.43 5 0
"551" -1.11 5 0
"552" -1.03 5 0
"553" -0.839999999999998 5 0
"554" -0.779999999999999 5 0
"555" -0.57 5 0
"556" -0.549999999999998 5 0
"557" 0.0400000000000018 5 0
"558" 0.559999999999999 5 0
"559" 0.67 5 0
"560" 1.76 5 0
"561" 1.86 5 0
"562" 2.03 5 0
"563" 2.08 5 0
"564" 3.32 5 0
"565" 3.65 5 0
"566" 3.75 5 0
"567" 4.08 5 0
"568" 4.65 5 0
"569" 4.69 5 0
"570" 4.7 5 0
"571" 4.84 5 0
"572" 5.28 5 0
"573" 5.43 5 0
"574" 5.56 5 0
"575" 6.03 5 0
"576" 6.5 5 0
"577" 6.56 5 0
"578" 6.93 5 0
"579" 7.06 5 0
"580" 7.44 5 0
"581" 7.77 5 0
"582" 7.84 5 0
"583" 8.37 5 0
"584" 8.54 5 0
"585" 9.22 5 0
"586" 9.33 5 0
"587" 10.04 5 0
"588" 10.19 5 0
"589" 10.29 5 0
"590" 10.91 5 0
"591" 11.05 5 0
"592" 11.81 5 0
"593" 12.23 5 0
"594" 14.58 5 0
"595" 17.37 5 3
"596" 18.33 5 0
"597" 19.44 5 0
"598" 21.04 5 0
"599" 22.66 5 0
"600" 23.99 5 0
"601" -20.93 6 0
"602" -16.92 6 0
"603" -15.51 6 0
"604" -14.33 6 0
"605" -13.53 6 3
"606" -11.73 6 0
"607" -11.72 6 0
"608" -11.48 6 0
"609" -10.56 6 0
"610" -10.55 6 0
"611" -10.54 6 0
"612" -10.24 6 0
"613" -10.01 6 0
"614" -9.63 6 0
"615" -9.52 6 0
"616" -9.2 6 0
"617" -9.18 6 0
"618" -9.1 6 0
"619" -8.85 6 0
"620" -8.62 6 0
"621" -8.35 6 0
"622" -8.32 6 0
"623" -7.71 6 0
"624" -7.25 6 0
"625" -6.86 6 0
"626" -5.96 6 0
"627" -5.88 6 0
"628" -5.75 6 0
"629" -5.12 6 0
"630" -4.5 6 0
"631" -4.48 6 0
"632" -4.21 6 0
"633" -3.78 6 0
"634" -3.71 6 0
"635" -3.69 6 0
"636" -3.35 6 0
"637" -3.12 6 0
"638" -2.95 6 0
"639" -2.47 6 0
"640" -2.21 6 0
"641" -2.14 6 0
"642" -1.91 6 0
"643" -1.84 6 0
"644" -1.82 6 0
"645" -0.58 6 0
"646" -0.49 6 0
"647" -0.38 6 0
"648" -0.3 6 0
"649" -0.16 6 0
"650" 0.0100000000000011 6 0
"651" 0.280000000000001 6 0
"652" 0.300000000000001 6 0
"653" 0.839999999999999 6 0
"654" 0.949999999999999 6 0
"655" 0.99 6 0
"656" 1.02 6 0
"657" 1.08 6 0
"658" 1.11 6 0
"659" 1.22 6 0
"660" 1.3 6 0
"661" 2.37 6 0
"662" 2.42 6 0
"663" 2.61 6 0
"664" 2.83 6 0
"665" 2.97 6 0
"666" 3.48 6 0
"667" 4 6 0
"668" 4.03 6 0
"669" 4.17 6 0
"670" 4.3 6 0
"671" 4.33 6 0
"672" 4.83 6 0
"673" 4.85 6 0
"674" 5.55 6 0
"675" 5.59 6 0
"676" 5.64 6 0
"677" 5.82 6 0
"678" 5.95 6 0
"679" 6.06 6 0
"680" 6.15 6 0
"681" 6.79 6 0
"682" 7.82 6 0
"683" 7.89 6 0
"684" 7.94 6 0
"685" 8.25 6 0
"686" 9.3 6 0
"687" 9.42 6 0
"688" 10.06 6 0
"689" 10.58 6 0
"690" 11.22 6 0
"691" 11.37 6 0
"692" 11.99 6 0
"693" 12.91 6 0
"694" 13.12 6 0
"695" 13.12 6 3
"696" 13.19 6 0
"697" 13.7 6 0
"698" 14.13 6 0
"699" 15.31 6 0
"700" 15.92 6 0
"701" -16.37 7 0
"702" -15.04 7 0
"703" -13.1 7 0
"704" -12.21 7 0
"705" -11.72 7 3
"706" -10.54 7 0
"707" -10.31 7 0
"708" -10.05 7 0
"709" -9.69 7 0
"710" -9.56 7 0
"711" -9.17 7 0
"712" -9.08 7 0
"713" -8.87 7 0
"714" -8.66 7 0
"715" -8.4 7 0
"716" -7.32 7 0
"717" -7.14 7 0
"718" -6.99 7 0
"719" -6.86 7 0
"720" -6.74 7 0
"721" -6.35 7 0
"722" -6.27 7 0
"723" -6.17 7 0
"724" -6.16 7 0
"725" -6.16 7 0
"726" -6.1 7 0
"727" -5.93 7 0
"728" -5.5 7 0
"729" -4.58 7 0
"730" -4.49 7 0
"731" -4.44 7 0
"732" -4.41 7 0
"733" -4.38 7 0
"734" -4.21 7 0
"735" -3.94 7 0
"736" -3.48 7 0
"737" -3.34 7 0
"738" -3.04 7 0
"739" -3.02 7 0
"740" -2.92 7 0
"741" -2.72 7 0
"742" -2.67 7 0
"743" -2.54 7 0
"744" -2.48 7 0
"745" -2.45 7 0
"746" -2.42 7 0
"747" -2.19 7 0
"748" -2.03 7 0
"749" -1.9 7 0
"750" -1.59 7 0
"751" -1.5 7 0
"752" -1.27 7 0
"753" -1.16 7 0
"754" -0.59 7 0
"755" -0.39 7 0
"756" -0.249999999999999 7 0
"757" -0.21 7 0
"758" 0.0199999999999985 7 0
"759" 0.0400000000000001 7 0
"760" 0.12 7 0
"761" 0.34 7 0
"762" 0.59 7 0
"763" 0.630000000000001 7 0
"764" 1.43 7 0
"765" 1.87 7 0
"766" 2.08 7 0
"767" 2.11 7 0
"768" 2.14 7 0
"769" 2.31 7 0
"770" 2.41 7 0
"771" 2.52 7 0
"772" 2.68 7 0
"773" 2.83 7 0
"774" 3.4 7 0
"775" 3.82 7 0
"776" 3.89 7 0
"777" 4.28 7 0
"778" 4.32 7 0
"779" 4.45 7 0
"780" 5.81 7 0
"781" 5.98 7 0
"782" 6.42 7 0
"783" 6.52 7 0
"784" 6.58 7 0
"785" 7.09 7 0
"786" 7.37 7 0
"787" 7.68 7 0
"788" 8.41 7 0
"789" 8.62 7 0
"790" 9.32 7 0
"791" 10.04 7 0
"792" 10.07 7 0
"793" 10.07 7 0
"794" 10.09 7 0
"795" 11.05 7 3
"796" 11.36 7 0
"797" 11.65 7 0
"798" 13.21 7 0
"799" 13.67 7 0
"800" 15.09 7 0
"801" -14.26 8 0
"802" -11.66 8 0
"803" -9.53 8 0
"804" -9.44 8 0
"805" -8.52 8 3
"806" -7.8 8 0
"807" -7.65 8 0
"808" -6.58 8 0
"809" -6.36 8 0
"810" -6.19 8 0
"811" -6.11 8 0
"812" -6.1 8 0
"813" -6.07 8 0
"814" -5.94 8 0
"815" -5.69 8 0
"816" -5.55 8 0
"817" -5.45 8 0
"818" -5.33 8 0
"819" -5.1 8 0
"820" -4.63 8 0
"821" -4.06 8 0
"822" -3.99 8 0
"823" -3.82 8 0
"824" -3.36 8 0
"825" -3.3 8 0
"826" -2.72 8 0
"827" -2.52 8 0
"828" -2.25 8 0
"829" -2.23 8 0
"830" -2.2 8 0
"831" -2.11 8 0
"832" -2.11 8 0
"833" -2.1 8 0
"834" -2.05 8 0
"835" -2.04 8 0
"836" -2.02 8 0
"837" -1.91 8 0
"838" -1.74 8 0
"839" -1.59 8 0
"840" -1.57 8 0
"841" -1.54 8 0
"842" -1.51 8 0
"843" -1.27 8 0
"844" -1.2 8 0
"845" -1.02 8 0
"846" -0.97 8 0
"847" -0.960000000000001 8 0
"848" -0.93 8 0
"849" -0.89 8 0
"850" -0.69 8 0
"851" -0.59 8 0
"852" -0.390000000000001 8 0
"853" -0.23 8 0
"854" -0.159999999999999 8 0
"855" -0.0600000000000001 8 0
"856" 0.0200000000000005 8 0
"857" 0.0500000000000011 8 0
"858" 0.07 8 0
"859" 0.12 8 0
"860" 0.4 8 0
"861" 0.57 8 0
"862" 0.8 8 0
"863" 0.85 8 0
"864" 0.94 8 0
"865" 1.03 8 0
"866" 1.08 8 0
"867" 1.1 8 0
"868" 1.37 8 0
"869" 1.44 8 0
"870" 1.47 8 0
"871" 1.56 8 0
"872" 1.86 8 0
"873" 1.87 8 0
"874" 2.05 8 0
"875" 2.15 8 0
"876" 2.17 8 0
"877" 2.51 8 0
"878" 2.58 8 0
"879" 2.69 8 0
"880" 2.71 8 0
"881" 3.08 8 0
"882" 3.17 8 0
"883" 3.28 8 0
"884" 3.32 8 0
"885" 3.51 8 0
"886" 3.64 8 0
"887" 3.83 8 0
"888" 3.88 8 0
"889" 3.96 8 0
"890" 4.37 8 0
"891" 4.52 8 0
"892" 4.62 8 0
"893" 5.36 8 0
"894" 5.55 8 0
"895" 6.48 8 3
"896" 7.24 8 0
"897" 8.44 8 0
"898" 8.49 8 0
"899" 8.64 8 0
"900" 12.79 8 0
"901" -10.04 9 0
"902" -8.9 9 0
"903" -8.84 9 0
"904" -8.02 9 0
"905" -7.51 9 3
"906" -7.49 9 0
"907" -6.74 9 0
"908" -6.52 9 0
"909" -6.13 9 0
"910" -5.97 9 0
"911" -5.88 9 0
"912" -5.81 9 0
"913" -5.67 9 0
"914" -5.39 9 0
"915" -5.14 9 0
"916" -4.8 9 0
"917" -4.64 9 0
"918" -4.64 9 0
"919" -4.6 9 0
"920" -4.45 9 0
"921" -4.4 9 0
"922" -4.26 9 0
"923" -4.09 9 0
"924" -3.64 9 0
"925" -3.62 9 0
"926" -3.49 9 0
"927" -3.41 9 0
"928" -3.23 9 0
"929" -3.15 9 0
"930" -3.15 9 0
"931" -3.13 9 0
"932" -2.96 9 0
"933" -2.95 9 0
"934" -2.9 9 0
"935" -2.75 9 0
"936" -2.68 9 0
"937" -2.61 9 0
"938" -2.57 9 0
"939" -2.56 9 0
"940" -2.31 9 0
"941" -2.2 9 0
"942" -2.01 9 0
"943" -1.87 9 0
"944" -1.79 9 0
"945" -1.68 9 0
"946" -1.56 9 0
"947" -1.56 9 0
"948" -1.5 9 0
"949" -1.43 9 0
"950" -1.35 9 0
"951" -1.22 9 0
"952" -1.07 9 0
"953" -0.76 9 0
"954" -0.730000000000001 9 0
"955" 0.0700000000000007 9 0
"956" 0.17 9 0
"957" 0.18 9 0
"958" 0.33 9 0
"959" 0.5 9 0
"960" 0.53 9 0
"961" 0.69 9 0
"962" 0.8 9 0
"963" 1.19 9 0
"964" 1.25 9 0
"965" 1.5 9 0
"966" 1.5 9 0
"967" 1.54 9 0
"968" 1.77 9 0
"969" 2.08 9 0
"970" 2.11 9 0
"971" 2.2 9 0
"972" 2.22 9 0
"973" 2.28 9 0
"974" 2.57 9 0
"975" 2.93 9 0
"976" 3.03 9 0
"977" 3.23 9 0
"978" 3.29 9 0
"979" 3.68 9 0
"980" 3.72 9 0
"981" 3.75 9 0
"982" 3.78 9 0
"983" 3.96 9 0
"984" 4.15 9 0
"985" 4.32 9 0
"986" 4.34 9 0
"987" 4.55 9 0
"988" 4.62 9 0
"989" 5.02 9 0
"990" 5.04 9 0
"991" 5.42 9 0
"992" 5.8 9 0
"993" 6.06 9 0
"994" 6.8 9 0
"995" 9.1 9 3
"996" 9.91 9 0
"997" 10.99 9 0
"998" 11.16 9 0
"999" 12.42 9 0
"1000" 13.79 9 0
"1001" -6.92 10 0
"1002" -6.85 10 0
"1003" -6.72 10 0
"1004" -6.69 10 0
"1005" -6.57 10 3
"1006" -6.49 10 0
"1007" -6.38 10 0
"1008" -5.92 10 0
"1009" -5.9 10 0
"1010" -5.9 10 0
"1011" -5.87 10 0
"1012" -5.73 10 0
"1013" -5.54 10 0
"1014" -5.46 10 0
"1015" -5.41 10 0
"1016" -5.09 10 0
"1017" -5.08 10 0
"1018" -5.04 10 0
"1019" -5.04 10 0
"1020" -4.97 10 0
"1021" -4.6 10 0
"1022" -4.33 10 0
"1023" -4.14 10 0
"1024" -4.13 10 0
"1025" -4.04 10 0
"1026" -3.71 10 0
"1027" -3.58 10 0
"1028" -3.56 10 0
"1029" -3.48 10 0
"1030" -3.2 10 0
"1031" -3.18 10 0
"1032" -3.17 10 0
"1033" -2.94 10 0
"1034" -2.8 10 0
"1035" -2.74 10 0
"1036" -2.62 10 0
"1037" -2.55 10 0
"1038" -2.51 10 0
"1039" -2.4 10 0
"1040" -2.3 10 0
"1041" -2.27 10 0
"1042" -2.27 10 0
"1043" -2.22 10 0
"1044" -2.18 10 0
"1045" -2.1 10 0
"1046" -2.07 10 0
"1047" -1.8 10 0
"1048" -1.69 10 0
"1049" -1.69 10 0
"1050" -1.52 10 0
"1051" -1.48 10 0
"1052" -1.18 10 0
"1053" -1.13 10 0
"1054" -0.79 10 0
"1055" -0.78 10 0
"1056" -0.61 10 0
"1057" -0.59 10 0
"1058" -0.57 10 0
"1059" -0.46 10 0
"1060" -0.21 10 0
"1061" 0.0699999999999997 10 0
"1062" 0.3 10 0
"1063" 0.41 10 0
"1064" 0.59 10 0
"1065" 0.6 10 0
"1066" 0.77 10 0
"1067" 0.86 10 0
"1068" 0.96 10 0
"1069" 0.989999999999999 10 0
"1070" 1 10 0
"1071" 1.02 10 0
"1072" 1.08 10 0
"1073" 1.09 10 0
"1074" 1.23 10 0
"1075" 1.71 10 0
"1076" 1.78 10 0
"1077" 1.95 10 0
"1078" 1.98 10 0
"1079" 2.05 10 0
"1080" 2.08 10 0
"1081" 2.28 10 0
"1082" 2.3 10 0
"1083" 2.41 10 0
"1084" 2.45 10 0
"1085" 2.87 10 0
"1086" 2.9 10 0
"1087" 3.37 10 0
"1088" 3.95 10 0
"1089" 4.32 10 0
"1090" 4.38 10 0
"1091" 4.86 10 0
"1092" 4.88 10 0
"1093" 5.04 10 0
"1094" 5.73 10 0
"1095" 6.29 10 3
"1096" 6.53 10 0
"1097" 7.38 10 0
"1098" 7.65 10 0
"1099" 8.41 10 0
"1100" 9.03 10 0
