          2000         125        3.06        3.06
          2001         146        3.57        6.62
          2002         151        3.69       10.32
          2003         162        3.96       14.28
          2004         211        5.16       19.43
          2005         124        3.03       22.46
          2006         188        4.60       27.06
          2007         191        4.67       31.73
          2008         250        6.11       37.84
          2009         312        7.63       45.47
         2010         296        7.24       52.70
         2011         303        7.41       60.11
         2012         279        6.82       66.93
         2013         236        5.77       72.70
         2014         251        6.14       78.83
         2015         229        5.60       84.43
         1981           3        0.07       84.50
         1984           3        0.07       84.58
         1986           9        0.22       84.80
         1987           7        0.17       84.97
         1988           7        0.17       85.14
         1989          13        0.32       85.46
         1990          17        0.42       85.87
         1991          22        0.54       86.41
         1992          41        1.00       87.41
         1993          69        1.69       89.10
         1994          68        1.66       90.76
         1995          74        1.81       92.57
         1996          62        1.52       94.08
         1997          78        1.91       95.99
         1998          60        1.47       97.46
         1999         104        2.54      100.00
