          2000         568        3.72        3.72
          2001         607        3.97        7.69
          2002         670        4.39       12.08
          2003         680        4.45       16.53
          2004         858        5.62       22.15
          2005         466        3.05       25.20
          2006         641        4.20       29.39
          2007         675        4.42       33.81
          2008         712        4.66       38.47
          2009         766        5.01       43.49
         2010         743        4.86       48.35
         2011         692        4.53       52.88
         2012         604        3.95       56.83
         2013         615        4.03       60.86
         2014         529        3.46       64.32
         2015         428        2.80       67.12
         1979           5        0.03       67.16
         1980          10        0.07       67.22
         1981          15        0.10       67.32
         1982          13        0.09       67.41
         1983          22        0.14       67.55
         1984          21        0.14       67.69
         1985          36        0.24       67.92
         1986          65        0.43       68.35
         1987          78        0.51       68.86
         1988          86        0.56       69.42
         1989         109        0.71       70.14
         1990         156        1.02       71.16
         1991         224        1.47       72.62
         1992         376        2.46       75.09
         1993         535        3.50       78.59
         1994         606        3.97       82.55
         1995         527        3.45       86.00
         1996         517        3.38       89.39
         1997         503        3.29       92.68
         1998         504        3.30       95.98
         1999         614        4.02      100.00
