          2000        693       3.70		3.70
          2001         753        4.02        7.72
          2002         821        4.38       12.10
          2003         842        4.50       16.60
          2004       1,069        5.71       22.31
          2005        590        3.15       25.46
          2006        829        4.43       29.88
          2007        866        4.62       34.51
          2008         962        5.14       39.64
          2009      1,078        5.76       45.40
         2010       1,039        5.55       50.95
         2011         995        5.31       56.26
         2012         883        4.71       60.97
         2013         851        4.54       65.52
         2014         780        4.16       69.68
         2015         657        3.51       73.19
         1979           5        0.03       73.21
         1980          10        0.05       73.27
         1981          15        0.08       73.35
         1982          13        0.07       73.42
         1983         22        0.12       73.53
         1984         21        0.11       73.65
         1985          36        0.19       73.84
         1986         65        0.35       74.19
         1987          78        0.42       74.60
         1988          86        0.46       75.06
         1989         109        0.58       75.64
         1990         156        0.83       76.48
         1991         224        1.20       77.67
         1992        376        2.01       79.68
         1993        535        2.86       82.54
         1994         606        3.24       85.77
         1995        527        2.81       88.59
         1996        517        2.76       91.35
         1997         503        2.69       94.03
         1998        504        2.69       96.72
         1999         614        3.28      100.00