10       	 200        0.74        0.74
                   20         312        1.16        1.91
                    30      337        1.25        3.16
                        40       345        1.28        4.44
                         50       726        2.70        7.15
70        22        0.08        7.23
80      222        0.83        8.05
  90       116        0.43        8.49
100      680        2.53       11.02
          110       379        1.41       12.43
                        120        263        0.98       13.41
130       91        0.34       13.74
140        299        1.11       14.86
       160       128        0.48       15.33
                195        16        0.06       15.39
                             200        247        0.92       16.31
220      174        0.65       16.96
225        28        0.10       17.06
             230        338        1.26       18.32
              235        511        1.90       20.22
                       240        134        0.50       20.72
              250        979        3.64       24.37
           270         28        0.10       24.47
         290      2,124        7.91       32.38
310         52        0.19       32.57
                       315       664        2.47       35.04
          320       923        3.44       38.48
330        67        0.25       38.73
                        340    1,249        4.65       43.38
                360     1,264        4.70       48.08
                            370     1,006        3.74       51.82
                         390        179        0.67       52.49
                          400     1,107        4.12       56.61
410       412        1.53       58.14
                        420        307        1.14       59.29
            440       156        0.58       59.87
445        90        0.33       60.20
450        461        1.72       61.92
470       797        2.97       64.88
490      1,694        6.30       71.19
  520        137        0.51       71.70
     550         40        0.15       71.85
560       77        0.29       72.13
580         58        0.22       72.35
610        22        0.08       72.43
    615        52        0.19       72.63
620       250        0.93       73.56
 640        66        0.25       73.80
650         71        0.26       74.07
 670       108        0.40       74.47
675        24        0.09       74.56
              680         38        0.14       74.70
    690      932        3.47       78.17
                    710        675        2.51       80.68
           720        119        0.44       81.12
                       730        320        1.19       82.31
                       740         75        0.28       82.59
                 750        354        1.32       83.91
                  760        52        0.19       84.10
765    1,067        3.97       88.08
770        84        0.31       88.39
780        306        1.14       89.53
                    790       353        1.31       90.84
                        800        311        1.16       92.00
820        250        0.93       92.93
          830      1,486        5.53       98.46
              870         13        0.05       98.51
      880        89        0.33       98.84
            910         9        0.03       98.87
920       171        0.64       99.51
960       117        0.44       99.94
970        15        0.06      100.00
